
[0, 0, 0, 0, 0, 0]
2048
128
256
1024
1024

[0, 0, 0, 0, 0, 3]
256
1024
256
1024
512

[0, 0, 0, 0, 3, 0]
512
512
512
512
512

[0, 0, 0, 0, 3, 3]
512
128
512
256
1024

[0, 0, 0, 3, 0, 0]
512
512
512
1024
512

[0, 0, 0, 3, 0, 3]
1024
512
256
128
512

[0, 0, 0, 3, 3, 0]
512
512
512
512
512

[0, 0, 0, 3, 3, 3]
256
1024
128
256
128

[0, 0, 3, 0, 0, 0]
1024
2048
2048
1024
512

[0, 0, 3, 0, 0, 3]
512
1024
256
256
512

[0, 0, 3, 0, 3, 0]
256
1024
512
1024
256

[0, 0, 3, 0, 3, 3]
512
512
128
1024
512

[0, 0, 3, 3, 0, 0]
1024
2048
2048
2048
1024

[0, 0, 3, 3, 0, 3]
1024
512
1024
256
1024

[0, 0, 3, 3, 3, 0]
512
1024
1024
512
2048

[0, 0, 3, 3, 3, 3]
128
1024
1024
256
2048

[0, 3, 0, 0, 0, 0]
512
128
64
256
128

[0, 3, 0, 0, 0, 3]
128
256
128
512
256

[0, 3, 0, 0, 3, 0]
128
256
256
256
256

[0, 3, 0, 0, 3, 3]
256
512
256
128
1024

[0, 3, 0, 3, 0, 0]
1024
256
512
1024
128

[0, 3, 0, 3, 0, 3]
512
512
128
512
1024

[0, 3, 0, 3, 3, 0]
512
256
128
32
256

[0, 3, 0, 3, 3, 3]
256
256
256
1024
512

[0, 3, 3, 0, 0, 0]
512
128
128
128
1024

[0, 3, 3, 0, 0, 3]
512
64
512
256
512

[0, 3, 3, 0, 3, 0]
512
1024
512
1024
512

[0, 3, 3, 0, 3, 3]
1024
128
256
128
512

[0, 3, 3, 3, 0, 0]
1024
512
512
256
512

[0, 3, 3, 3, 0, 3]
64
1024
1024
1024
512

[0, 3, 3, 3, 3, 0]
1024
256
1024
128
512

[0, 3, 3, 3, 3, 3]
128
2048
1024
2048
1024

[3, 0, 0, 0, 0, 0]
512
1024
1024
1024
1024

[3, 0, 0, 0, 0, 3]
2048
2048
2048
2048
1024

[3, 0, 0, 0, 3, 0]
1024
1024
256
2048
512

[3, 0, 0, 0, 3, 3]
512
1024
1024
1024
512

[3, 0, 0, 3, 0, 0]
2048
1024
1024
1024
256

[3, 0, 0, 3, 0, 3]
512
1024
1024
64
512

[3, 0, 0, 3, 3, 0]
1024
1024
1024
256
1024

[3, 0, 0, 3, 3, 3]
512
1024
1024
1024
512

[3, 0, 3, 0, 0, 0]
1024
1024
512
512
2048

[3, 0, 3, 0, 0, 3]
1024
2048
2048
2048
2048

[3, 0, 3, 0, 3, 0]
1024
512
256
1024
1024

[3, 0, 3, 0, 3, 3]
512
512
256
1024
1024

[3, 0, 3, 3, 0, 0]
1024
1024
256
2048
2048

[3, 0, 3, 3, 0, 3]
2048
512
512
2048
256

[3, 0, 3, 3, 3, 0]
2048
1024
1024
1024
1024

[3, 0, 3, 3, 3, 3]
512
1024
512
1024
256

[3, 3, 0, 0, 0, 0]
128
1024
256
256
1024

[3, 3, 0, 0, 0, 3]
512
512
256
256
1024

[3, 3, 0, 0, 3, 0]
512
512
256
1024
512

[3, 3, 0, 0, 3, 3]
1024
512
512
256
1024

[3, 3, 0, 3, 0, 0]
512
256
512
512
256

[3, 3, 0, 3, 0, 3]
256
512
128
1024
128

[3, 3, 0, 3, 3, 0]
512
512
256
512
1024

[3, 3, 0, 3, 3, 3]
128
1024
512
1024
512

[3, 3, 3, 0, 0, 0]
1024
512
128
1024
256

[3, 3, 3, 0, 0, 3]
256
512
1024
1024
128

[3, 3, 3, 0, 3, 0]
1024
1024
1024
2048
2048

[3, 3, 3, 0, 3, 3]
128
1024
1024
1024
256

[3, 3, 3, 3, 0, 0]
1024
1024
128
2048
1024

[3, 3, 3, 3, 0, 3]
1024
256
128
512
256

[3, 3, 3, 3, 3, 0]
512
512
256
1024
2048

[3, 3, 3, 3, 3, 3]
2048
2048
256
2048
1024
